000.jpg 0.23742694805194806 0.7625730519480519 0.23623376623376624 0.7637662337662338 0.23224025974025975 0.7677597402597403
001.jpg 0.25762987012987015 0.7423701298701298 0.2617288961038961 0.7382711038961038 0.2577922077922078 0.7422077922077922
002.jpg 0.26881237911025146 0.7311876208897485 0.3193036750483559 0.6806963249516441 0.3222514506769826 0.6777485493230174
003.jpg 0.31018607754466604 0.689813922455334 0.3085773593298243 0.6914226406701757 0.304522203276744 0.6954777967232559
004.jpg 0.280762987012987 0.719237012987013 0.2829788961038961 0.7170211038961039 0.2832386363636364 0.7167613636363637
005.jpg 0.27004658385093167 0.7299534161490683 0.2718944099378882 0.7281055900621118 0.27255434782608695 0.727445652173913
006.jpg 0.21436521739130435 0.7856347826086957 0.21582608695652175 0.7841739130434783 0.21571304347826087 0.7842869565217391
007.jpg 0.2730351170568562 0.7269648829431438 0.2774665551839465 0.7225334448160535 0.275443143812709 0.7245568561872909
008.jpg 0.2924102564102564 0.7075897435897436 0.3328119658119658 0.6671880341880342 0.3326239316239316 0.6673760683760683
009.jpg 0.3432882011605416 0.6567117988394584 0.3508027079303675 0.6491972920696325 0.3647485493230174 0.6352514506769826
010.jpg 0.24531655844155845 0.7546834415584416 0.24776785714285715 0.7522321428571429 0.2473133116883117 0.7526866883116883
011.jpg 0.2892142857142857 0.7107857142857142 0.29023809523809524 0.7097619047619048 0.2900952380952381 0.7099047619047619
012.jpg 0.26903521379805967 0.7309647862019404 0.2710923463887891 0.7289076536112109 0.2719547251167804 0.7280452748832196
013.jpg 0.3382943143812709 0.6617056856187291 0.33991638795986623 0.6600836120401338 0.3395735785953177 0.6604264214046823
014.jpg 0.21121112929623567 0.7887888707037644 0.21223404255319148 0.7877659574468086 0.21260229132569558 0.7873977086743044
015.jpg 0.2209098228663446 0.7790901771336554 0.22812399355877616 0.7718760064412238 0.23107890499194847 0.7689210950080515
016.jpg 0.2388807979169425 0.7611192020830575 0.25001103314356327 0.7499889668564368 0.2515998058166733 0.7484001941833267
017.jpg 0.22716640502354787 0.7728335949764521 0.22995290423861853 0.7700470957613815 0.2312480376766091 0.7687519623233909
018.jpg 0.26427107959022855 0.7357289204097714 0.2779511426319937 0.7220488573680063 0.2800945626477541 0.7199054373522459
019.jpg 0.2628841607565012 0.7371158392434988 0.26695823483057524 0.7330417651694248 0.2832702915681639 0.7167297084318361
020.jpg 0.29985185185185187 0.7001481481481482 0.30493827160493825 0.6950617283950618 0.30261728395061727 0.6973827160493827
021.jpg 0.2377309941520468 0.7622690058479532 0.24077192982456141 0.7592280701754386 0.2429317738791423 0.7570682261208577
022.jpg 0.2228724279835391 0.7771275720164609 0.22898765432098767 0.7710123456790123 0.2670288065843621 0.7329711934156379
023.jpg 0.22356363636363635 0.7764363636363636 0.2343909090909091 0.7656090909090909 0.23754545454545453 0.7624545454545455
024.jpg 0.32870431893687707 0.6712956810631229 0.3292691029900332 0.6707308970099668 0.31793355481727575 0.6820664451827243
025.jpg 0.18104411764705883 0.8189558823529411 0.18068137254901961 0.8193186274509804 0.16888235294117648 0.8311176470588235
026.jpg 0.18365656565656566 0.8163434343434344 0.1820808080808081 0.8179191919191919 0.1619040404040404 0.8380959595959596
027.jpg 0.36989349112426034 0.6301065088757396 0.3720887573964497 0.6279112426035502 0.32692899408284026 0.6730710059171597
028.jpg 0.3533660130718954 0.6466339869281046 0.35661437908496735 0.6433856209150327 0.3401503267973856 0.6598496732026143
029.jpg 0.34075541795665637 0.6592445820433437 0.34421052631578947 0.6557894736842105 0.3046501547987616 0.6953498452012384
030.jpg 0.3908815789473684 0.6091184210526316 0.39464473684210527 0.6053552631578948 0.3854407894736842 0.6145592105263158
031.jpg 0.26640425531914896 0.7335957446808511 0.26974468085106384 0.7302553191489362 0.27052482269503547 0.7294751773049646
032.jpg 0.28177859778597786 0.7182214022140221 0.28742435424354246 0.7125756457564576 0.2894538745387454 0.7105461254612546
033.jpg 0.1800806916426513 0.8199193083573487 0.1961556195965418 0.8038443804034582 0.18846109510086456 0.8115389048991355
034.jpg 0.13098227848101265 0.8690177215189874 0.12970632911392405 0.8702936708860759 0.1140506329113924 0.8859493670886076
035.jpg 0.16498740554156172 0.8350125944584383 0.15578337531486147 0.8442166246851386 0.14405037783375316 0.8559496221662468
036.jpg 0.1771059431524548 0.8228940568475452 0.16910077519379846 0.8308992248062016 0.15283204134366926 0.8471679586563308
037.jpg 0.16394949494949496 0.836050505050505 0.1616212121212121 0.8383787878787878 0.15384343434343434 0.8461565656565656
038.jpg 0.26635403726708073 0.7336459627329193 0.2665155279503106 0.7334844720496895 0.2600745341614907 0.7399254658385093
039.jpg 0.14414105793450882 0.8558589420654912 0.16790931989924432 0.8320906801007557 0.170367758186398 0.8296322418136021
040.jpg 0.15649620253164556 0.8435037974683545 0.1578886075949367 0.8421113924050633 0.15982784810126582 0.8401721518987342
041.jpg 0.1309849246231156 0.8690150753768844 0.16537688442211054 0.8346231155778895 0.17072361809045225 0.8292763819095478
042.jpg 0.34116387959866223 0.6588361204013378 0.3385016722408027 0.6614983277591974 0.33496321070234114 0.6650367892976589
043.jpg 0.27299003322259136 0.7270099667774086 0.2814019933554817 0.7185980066445182 0.2826578073089701 0.71734219269103
044.jpg 0.36009375 0.63990625 0.3673359375 0.6326640625 0.372484375 0.627515625
045.jpg 0.2910459363957597 0.7089540636042403 0.2951095406360424 0.7048904593639576 0.29718021201413425 0.7028197879858658
046.jpg 0.29417687074829935 0.7058231292517007 0.296374149659864 0.703625850340136 0.29691156462585033 0.7030884353741497
047.jpg 0.14716751269035533 0.8528324873096447 0.14408629441624365 0.8559137055837563 0.1298020304568528 0.8701979695431472
048.jpg 0.15118987341772153 0.8488101265822785 0.15225822784810128 0.8477417721518987 0.131473417721519 0.868526582278481
049.jpg 0.2055952380952381 0.794404761904762 0.20897619047619048 0.7910238095238096 0.20235714285714285 0.7976428571428571
050.jpg 0.14134508816120908 0.858654911838791 0.14204534005037783 0.8579546599496222 0.12457934508816121 0.8754206549118387
051.jpg 0.13475757575757577 0.8652424242424243 0.12694949494949495 0.8730505050505051 0.10755050505050505 0.892449494949495
052.jpg 0.14486304909560724 0.8551369509043928 0.1390904392764858 0.8609095607235142 0.12950387596899224 0.8704961240310077
053.jpg 0.13619897959183674 0.8638010204081633 0.13493877551020408 0.8650612244897959 0.1200969387755102 0.8799030612244898
054.jpg 0.14397974683544304 0.856020253164557 0.14235949367088607 0.8576405063291139 0.11976708860759494 0.8802329113924051
055.jpg 0.37244951140065147 0.6275504885993486 0.37800651465798046 0.6219934853420196 0.32006514657980456 0.6799348534201954
056.jpg 0.2285668449197861 0.7714331550802139 0.2427379679144385 0.7572620320855615 0.20629946524064172 0.7937005347593583
057.jpg 0.2205 0.7795 0.22293298969072164 0.7770670103092784 0.22338144329896908 0.776618556701031
058.jpg 0.32535238095238095 0.674647619047619 0.3289714285714286 0.6710285714285714 0.3222285714285714 0.6777714285714286
059.jpg 0.22744897959183674 0.7725510204081633 0.23025902668759812 0.7697409733124019 0.23103610675039246 0.7689638932496076
060.jpg 0.16970490440565253 0.8302950955943474 0.1708520365752286 0.8291479634247714 0.16808811305070656 0.8319118869492934
061.jpg 0.3719218241042345 0.6280781758957654 0.3783908794788274 0.6216091205211727 0.3207100977198697 0.6792899022801303
062.jpg 0.3023724489795918 0.6976275510204082 0.35610969387755104 0.643890306122449 0.3612627551020408 0.6387372448979591
063.jpg 0.18151133501259445 0.8184886649874056 0.18158270361041143 0.8184172963895886 0.17750629722921915 0.8224937027707808
064.jpg 0.28071589809738795 0.719284101902612 0.28557992045576697 0.714420079544233 0.28609946612203946 0.7139005338779605
065.jpg 0.23207803731317483 0.7679219626868251 0.3178361124235126 0.6821638875764874 0.34074488067389574 0.6592551193261043
066.jpg 0.26040719165489346 0.7395928083451065 0.26876294246289023 0.7312370575371098 0.2806990381451878 0.7193009618548122
067.jpg 0.29031647746818023 0.7096835225318198 0.2920651301456255 0.7079348698543745 0.3066047471620227 0.6933952528379773
068.jpg 0.2923869306293256 0.7076130693706744 0.3053007135575943 0.6946992864424058 0.3318847577659746 0.6681152422340254
069.jpg 0.23264386989157632 0.7673561301084237 0.3450375312760634 0.6549624687239366 0.3471559633027523 0.6528440366972477
070.jpg 0.2037857142857143 0.7962142857142858 0.21622142857142856 0.7837785714285714 0.30907142857142855 0.6909285714285714
071.jpg 0.797154899894626 0.20284510010537407 0.8649957348587486 0.13500426514125144 0.851497817251242 0.1485021827487581
072.jpg 0.17321701867156414 0.8267829813284359 0.17323232323232324 0.8267676767676768 0.17278849097030916 0.8272115090296909
073.jpg 0.3655632380835832 0.6344367619164168 0.37289359358746865 0.6271064064125313 0.4071039588814783 0.5928960411185217
074.jpg 0.3065974714293601 0.6934025285706399 0.3007784464196986 0.6992215535803015 0.3117650306409761 0.688234969359024
075.jpg 0.4542485253254034 0.5457514746745966 0.47205430702481355 0.5279456929751865 0.4861916833227709 0.513808316677229
076.jpg 0.3935604750374726 0.6064395249625274 0.3831834428686729 0.6168165571313271 0.39796494869134097 0.6020350513086591
077.jpg 0.3515853071699727 0.6484146928300273 0.33779607549590973 0.6622039245040903 0.3910656044484842 0.6089343955515159
078.jpg 0.22966101694915253 0.7703389830508475 0.24588377723970944 0.7541162227602906 0.3137688582603837 0.6862311417396163
079.jpg 0.4746174849312246 0.5253825150687754 0.46365462881871106 0.536345371181289 0.4218432847354593 0.5781567152645407
080.jpg 0.3240963855421687 0.6759036144578313 0.2889532652904612 0.7110467347095388 0.25836083186248177 0.7416391681375182
081.jpg 0.31864719773171113 0.6813528022682889 0.3236029513903075 0.6763970486096925 0.32407278788720656 0.6759272121127935
082.jpg 0.28271787960467204 0.7172821203953279 0.3388364779874214 0.6611635220125787 0.3340880503144654 0.6659119496855346
083.jpg 0.2971973625361456 0.7028026374638544 0.3582451743179393 0.6417548256820608 0.35335196149196496 0.6466480385080351
084.jpg 0.27437955410549214 0.7256204458945079 0.36045241979336595 0.639547580206634 0.359899945622621 0.640100054377379
085.jpg 0.24416583912611717 0.7558341608738828 0.25084409136047664 0.7491559086395233 0.24859731876861965 0.7514026812313803
086.jpg 0.320595567867036 0.679404432132964 0.3244506001846722 0.6755493998153278 0.32416435826408124 0.6758356417359187
087.jpg 0.34026906804461615 0.6597309319553839 0.3442239836786568 0.6557760163213432 0.31902707403133834 0.6809729259686617
088.jpg 0.26751240560949296 0.732487594390507 0.3478964401294498 0.6521035598705501 0.34824595469255665 0.6517540453074434
089.jpg 0.25064137308039747 0.7493586269196025 0.26815718157181573 0.7318428184281843 0.2710749774164408 0.7289250225835592
090.jpg 0.20740810290596687 0.7925918970940331 0.2133608750762875 0.7866391249237125 0.20762405520867566 0.7923759447913243
091.jpg 0.2144843462246777 0.7855156537753223 0.23087476979742172 0.7691252302025783 0.2642173112338858 0.7357826887661142
092.jpg 0.2412260034904014 0.7587739965095986 0.256020942408377 0.7439790575916231 0.2623429319371728 0.7376570680628273
093.jpg 0.24121499548328817 0.7587850045167118 0.2606684733514002 0.7393315266485998 0.2647922312556459 0.7352077687443541
094.jpg 0.22790889194233463 0.7720911080576653 0.23446584342984508 0.7655341565701549 0.2296768071898204 0.7703231928101796
095.jpg 0.200593932748538 0.799406067251462 0.2086577119883041 0.7913422880116959 0.2614172149122807 0.7385827850877194
096.jpg 0.18120952380952382 0.8187904761904762 0.18844761904761906 0.8115523809523809 0.23900476190476191 0.7609952380952381
097.jpg 0.18200952380952382 0.8179904761904762 0.1891857142857143 0.8108142857142857 0.2394952380952381 0.7605047619047619
098.jpg 0.22547091412742382 0.7745290858725762 0.22989843028624193 0.7701015697137581 0.22625115420129271 0.7737488457987073
099.jpg 0.2006809258394882 0.7993190741605118 0.2078791539679489 0.7921208460320511 0.25622122768000144 0.7437787723199986
100.jpg 0.27990856192851205 0.7200914380714879 0.2926683291770574 0.7073316708229427 0.32690357439733997 0.67309642560266
101.jpg 0.3143015030946065 0.6856984969053934 0.32020335985853227 0.6797966401414677 0.31866931918656055 0.6813306808134394
102.jpg 0.28347961367601304 0.716520386323987 0.29461250696929914 0.7053874930307009 0.2898419093181777 0.7101580906818222
103.jpg 0.32959199008152684 0.6704080099184732 0.33823778036593155 0.6617622196340684 0.33680542510425665 0.6631945748957433
104.jpg 0.3073721448016439 0.6926278551983561 0.3174270199142785 0.6825729800857215 0.2713147619297351 0.728685238070265
105.jpg 0.18747534516765285 0.8125246548323471 0.21657297830374753 0.7834270216962524 0.24370315581854043 0.7562968441814596
106.jpg 0.3480124521072797 0.6519875478927203 0.34900383141762453 0.6509961685823755 0.3169396551724138 0.6830603448275862
107.jpg 0.2724298202113902 0.7275701797886098 0.28410295304493255 0.7158970469550674 0.2533327499197806 0.7466672500802194
108.jpg 0.28647516752069374 0.7135248324793063 0.29866968860859283 0.7013303113914072 0.3809124950729208 0.6190875049270792
109.jpg 0.29394296951819077 0.7060570304818092 0.29868239921337264 0.7013176007866273 0.25243854473942967 0.7475614552605703
110.jpg 0.23044614639036048 0.7695538536096395 0.236336223143611 0.763663776856389 0.1957187177692266 0.8042812822307733
111.jpg 0.20835930709325093 0.7916406929067491 0.2844236459257048 0.7155763540742952 0.2839451434190541 0.7160548565809459
112.jpg 0.29148775349383255 0.7085122465061675 0.2996199267729156 0.7003800732270844 0.3926172517864514 0.6073827482135487
113.jpg 0.3109295774647887 0.6890704225352112 0.31766197183098593 0.6823380281690141 0.39553521126760566 0.6044647887323944
114.jpg 0.3899288708841679 0.6100711291158322 0.39660370248245325 0.6033962975175468 0.35884874464176364 0.6411512553582364
115.jpg 0.2612593632958802 0.7387406367041198 0.32539794007490636 0.6746020599250936 0.32497191011235954 0.6750280898876404
116.jpg 0.27984527669480214 0.7201547233051978 0.2834289414843111 0.7165710585156889 0.28241816423598803 0.7175818357640119
117.jpg 0.2723721590909091 0.7276278409090909 0.2745501893939394 0.7254498106060606 0.2699526515151515 0.7300473484848485
118.jpg 0.3882702042241229 0.6117297957758772 0.40817893923147897 0.591821060768521 0.4013215968880134 0.5986784031119866
119.jpg 0.3035922496570645 0.6964077503429356 0.3111025377229081 0.6888974622770919 0.3034722222222222 0.6965277777777777
120.jpg 0.3081609195402299 0.6918390804597702 0.43031130268199236 0.5696886973180076 0.42715996168582376 0.5728400383141763
121.jpg 0.24751819678169923 0.7524818032183007 0.249471931959657 0.750528068040343 0.24464587967042958 0.7553541203295704
122.jpg 0.253975845410628 0.746024154589372 0.2556280193236715 0.7443719806763285 0.250951690821256 0.749048309178744
123.jpg 0.3018073593073593 0.6981926406926406 0.3119318181818182 0.6880681818181819 0.3111309523809524 0.6888690476190477
124.jpg 0.2673000613718242 0.7326999386281757 0.2701156694916445 0.7298843305083554 0.2655291797257476 0.7344708202742524
125.jpg 0.2574515921813343 0.7425484078186657 0.262544737083601 0.737455262916399 0.2628383958887767 0.7371616041112232
126.jpg 0.28602119460500963 0.7139788053949904 0.3196242774566474 0.6803757225433525 0.31219653179190754 0.6878034682080925
127.jpg 0.23228278783834339 0.7677172121616566 0.27948150170372393 0.7205184982962761 0.27895066783955674 0.7210493321604433
128.jpg 0.28952359521666454 0.7104764047833355 0.2934132698984184 0.7065867301015816 0.2914845055934165 0.7085154944065836
129.jpg 0.28452 0.71548 0.29901333333333335 0.7009866666666666 0.33664 0.66336
130.jpg 0.24142251223491026 0.7585774877650897 0.24663404023926047 0.7533659597607395 0.29627406199021206 0.7037259380097879
131.jpg 0.26576923076923076 0.7342307692307692 0.27095182595182593 0.729048174048174 0.33588578088578086 0.6641142191142191
132.jpg 0.22043333333333334 0.7795666666666666 0.37803809523809523 0.6219619047619047 0.3827952380952381 0.6172047619047619
133.jpg 0.35827422612616844 0.6417257738738316 0.3625205505190474 0.6374794494809526 0.3295880501667528 0.6704119498332473
134.jpg 0.22116175744610828 0.7788382425538917 0.22911981423582542 0.7708801857641746 0.36144936280694057 0.6385506371930595
135.jpg 0.41664819944598336 0.5833518005540166 0.4245567867036011 0.5754432132963989 0.3694459833795014 0.6305540166204986
136.jpg 0.3676007866273353 0.6323992133726647 0.37427236971484756 0.6257276302851524 0.3717699115044248 0.6282300884955753
137.jpg 0.37752764721512144 0.6224723527848786 0.39024032691056687 0.6097596730894331 0.385068213261501 0.614931786738499
138.jpg 0.3317348927875244 0.6682651072124757 0.3392495126705653 0.6607504873294346 0.3151413255360624 0.6848586744639377
139.jpg 0.2617278052060661 0.7382721947939339 0.2760126347082869 0.7239873652917131 0.2757427757427757 0.7242572242572243
140.jpg 0.30630434782608695 0.693695652173913 0.3085314009661836 0.6914685990338164 0.294 0.706
141.jpg 0.2850927192582459 0.714907280741754 0.2986538607691138 0.7013461392308862 0.29880110959112327 0.7011988904088767
142.jpg 0.1919521055175317 0.8080478944824683 0.19670725433030356 0.8032927456696964 0.25130052020808324 0.7486994797919168
143.jpg 0.1905525327114911 0.8094474672885089 0.19557261303277626 0.8044273869672237 0.2556084553266831 0.7443915446733169
144.jpg 0.1670883534136546 0.8329116465863454 0.1702449799196787 0.8297550200803213 0.22238955823293172 0.7776104417670683
145.jpg 0.2252222222222222 0.7747777777777778 0.23271296296296295 0.767287037037037 0.2694722222222222 0.7305277777777778
146.jpg 0.19911957080233855 0.8008804291976614 0.19967504663682528 0.8003249533631748 0.1982261805018724 0.8017738194981275
147.jpg 0.30711965811965813 0.6928803418803419 0.31111965811965814 0.6888803418803419 0.3020940170940171 0.6979059829059829
148.jpg 0.2592320261437909 0.7407679738562092 0.2675954592363261 0.7324045407636739 0.2515221878224974 0.7484778121775025
149.jpg 0.195350539996339 0.804649460003661 0.28666025993044114 0.7133397400695588 0.28770364268716825 0.7122963573128318
150.jpg 0.3129280648429585 0.6870719351570416 0.3231712259371834 0.6768287740628166 0.2923657548125633 0.7076342451874367
151.jpg 0.2928937322270266 0.7071062677729734 0.3016000545362471 0.6983999454637528 0.278539012893927 0.721460987106073
152.jpg 0.28188385269121813 0.7181161473087818 0.29339943342776204 0.7066005665722379 0.236109537299339 0.763890462700661
153.jpg 0.21189620947159468 0.7881037905284053 0.22536156536534643 0.7746384346346535 0.37839587862746954 0.6216041213725305
154.jpg 0.22970560303893636 0.7702943969610636 0.2415622032288699 0.7584377967711301 0.39256410256410257 0.6074358974358974
155.jpg 0.28717911877394636 0.7128208812260537 0.38653256704980843 0.6134674329501916 0.38774425287356323 0.6122557471264368
156.jpg 0.3415421862439006 0.6584578137560994 0.3486931892538653 0.6513068107461347 0.31726149301725587 0.6827385069827441
157.jpg 0.27425579322638144 0.7257442067736185 0.397397504456328 0.6026024955436721 0.3945944741532977 0.6054055258467023
158.jpg 0.2808804143126177 0.7191195856873823 0.3024011299435028 0.6975988700564971 0.3018267419962335 0.6981732580037665
159.jpg 0.25775051124744375 0.7422494887525563 0.26756646216768915 0.7324335378323108 0.27023517382413087 0.7297648261758691
160.jpg 0.31112359550561797 0.688876404494382 0.3241151685393258 0.6758848314606741 0.32169007490636703 0.678309925093633
161.jpg 0.3012068965517241 0.6987931034482758 0.3275478927203065 0.6724521072796935 0.32463122605363987 0.6753687739463602
162.jpg 0.23846119929453263 0.7615388007054674 0.2908509700176367 0.7091490299823633 0.2901940035273369 0.7098059964726632
163.jpg 0.22215694173996733 0.7778430582600326 0.2364030081246223 0.7635969918753777 0.24651961771749592 0.7534803822825041
164.jpg 0.24087647593097183 0.7591235240690282 0.2478928247048138 0.7521071752951862 0.24646230699364213 0.7535376930063579
165.jpg 0.26230131324649736 0.7376986867535026 0.27656339506073696 0.723436604939263 0.28132812960077946 0.7186718703992205
166.jpg 0.7619779394187755 0.2380220605812246 0.7728147161606848 0.2271852838393152 0.3571355393914558 0.6428644606085442
167.jpg 0.3336033846430822 0.6663966153569179 0.33342335043658294 0.666576649563417 0.33400546103759715 0.6659945389624029
168.jpg 0.1981657355679702 0.8018342644320298 0.20562849162011174 0.7943715083798882 0.19925977653631285 0.8007402234636871
169.jpg 0.25586854460093894 0.744131455399061 0.28053526147975194 0.7194647385202481 0.284037558685446 0.715962441314554
170.jpg 0.26916549109504495 0.730834508904955 0.2773797978016811 0.7226202021983189 0.28463527890436724 0.7153647210956328
171.jpg 0.3233471020705063 0.6766528979294937 0.4115709349751903 0.5884290650248097 0.42691398436079286 0.5730860156392071
172.jpg 0.33387346766239256 0.6661265323376074 0.33917304651417657 0.6608269534858234 0.344511765534733 0.655488234465267
173.jpg 0.306656078404788 0.6933439215952121 0.2852390590650694 0.7147609409349306 0.26934698186114525 0.7306530181388547
174.jpg 0.6777621164480104 0.32223788355198957 0.9127398894069175 0.08726011059308252 0.4559579312588095 0.5440420687411905
175.jpg 0.221357421875 0.778642578125 0.22029622395833334 0.7797037760416666 0.2156640625 0.7843359375
176.jpg 0.29135567010309277 0.7086443298969072 0.29127319587628864 0.7087268041237114 0.2918762886597938 0.7081237113402061
177.jpg 0.18458333333333332 0.8154166666666667 0.16815934065934066 0.8318406593406593 0.19468406593406593 0.805315934065934
178.jpg 0.1943148148148148 0.8056851851851852 0.1747175925925926 0.8252824074074074 0.20240277777777776 0.7975972222222222
179.jpg 0.2272375 0.7727625 0.2255125 0.7744875 0.22937083333333333 0.7706291666666667
180.jpg 0.20395934959349593 0.7960406504065041 0.20346341463414633 0.7965365853658537 0.2055040650406504 0.7944959349593496
181.jpg 0.1985639686684073 0.8014360313315927 0.174769364664926 0.825230635335074 0.21082680591818972 0.7891731940818103
182.jpg 0.19613573407202217 0.8038642659279779 0.17780240073868883 0.8221975992613112 0.203264081255771 0.796735918744229
183.jpg 0.16934583333333333 0.8306541666666667 0.15325 0.84675 0.17070416666666666 0.8292958333333333
184.jpg 0.17871627502175805 0.821283724978242 0.16122280243690165 0.8387771975630983 0.18942993907745867 0.8105700609225414
185.jpg 0.22610670194003527 0.7738932980599648 0.2035493827160494 0.7964506172839506 0.24524691358024692 0.7547530864197531
186.jpg 0.2063952380952381 0.7936047619047619 0.1875190476190476 0.8124809523809524 0.2201857142857143 0.7798142857142857
187.jpg 0.16203571428571428 0.8379642857142857 0.16285204081632654 0.8371479591836735 0.16602551020408163 0.8339744897959184
188.jpg 0.17338578680203046 0.8266142131979696 0.17911675126903553 0.8208832487309645 0.18373096446700507 0.8162690355329949
189.jpg 0.19134860050890584 0.8086513994910941 0.19231043256997454 0.8076895674300254 0.19566921119592875 0.8043307888040713
190.jpg 0.1301958762886598 0.8698041237113402 0.1311082474226804 0.8688917525773195 0.1358659793814433 0.8641340206185567
191.jpg 0.15396899224806201 0.846031007751938 0.22701291989664082 0.7729870801033591 0.22871317829457363 0.7712868217054264
192.jpg 0.23636363636363636 0.7636363636363637 0.2721630094043887 0.7278369905956112 0.27374294670846394 0.726257053291536
193.jpg 0.300258346581876 0.699741653418124 0.38457207207207206 0.6154279279279279 0.38978537360890303 0.610214626391097
194.jpg 0.3108888888888889 0.6891111111111111 0.3078931623931624 0.6921068376068376 0.23791880341880342 0.7620811965811966
195.jpg 0.15770182291666668 0.8422981770833333 0.1571875 0.8428125 0.15872395833333333 0.8412760416666667
196.jpg 0.23301478953356086 0.7669852104664391 0.2641714069017823 0.7358285930982177 0.2688282138794084 0.7311717861205915
197.jpg 0.18860356138706655 0.8113964386129334 0.22794751640112465 0.7720524835988753 0.2285285848172446 0.7714714151827554
198.jpg 0.3095688306837547 0.6904311693162453 0.350036183672993 0.6499638163270071 0.36148656535238227 0.6385134346476177
199.jpg 0.8377153558052435 0.16228464419475655 0.8368820224719101 0.16311797752808987 0.8256179775280899 0.17438202247191012
200.jpg 0.24325058340709746 0.7567494165929025 0.29591816206646815 0.7040818379335319 0.2964915104208578 0.7035084895791421
201.jpg 0.15212843003138327 0.8478715699686167 0.1553271103242939 0.8446728896757061 0.1538987688098495 0.8461012311901505
202.jpg 0.18741450068399454 0.8125854993160054 0.23227649472921863 0.7677235052707814 0.23094874064536897 0.769051259354631
203.jpg 0.22002494568278747 0.7799750543172125 0.22772994286633944 0.7722700571336606 0.22965116279069767 0.7703488372093024
204.jpg 0.2443369276575199 0.7556630723424801 0.2460972076929267 0.7539027923070734 0.24269735253882674 0.7573026474611733
205.jpg 0.12376277460368552 0.8762372253963144 0.19057294600466726 0.8094270539953328 0.19268528204715538 0.8073147179528446
206.jpg 0.1631326949384405 0.8368673050615595 0.17622917840186691 0.8237708215981331 0.17323167297014566 0.8267683270298544
207.jpg 0.18692162227408063 0.8130783777259194 0.17127021807354953 0.8287297819264505 0.1649432686891446 0.8350567313108554
208.jpg 0.1546129395670717 0.8453870604329283 0.15715780156111692 0.8428421984388831 0.1557797537619699 0.84422024623803
209.jpg 0.21069043212360183 0.7893095678763982 0.2359479359459242 0.7640520640540758 0.23892532389152651 0.7610746761084735
210.jpg 0.16795083286392531 0.8320491671360747 0.20876921219924358 0.7912307878007564 0.21022772994286634 0.7897722700571337
211.jpg 0.18824937635793032 0.8117506236420697 0.19174981894262494 0.8082501810573751 0.19952522732759315 0.8004747726724069
212.jpg 0.35345708699653505 0.6465429130034649 0.5160587130127953 0.4839412869872048 0.5147651946003028 0.4852348053996972
213.jpg 0.1830952380952381 0.8169047619047619 0.2883730158730159 0.7116269841269841 0.31382539682539684 0.6861746031746032
214.jpg 0.2839253148067738 0.7160746851932263 0.3007121146330873 0.6992878853669128 0.41436387320885804 0.585636126791142
215.jpg 0.6114832535885167 0.38851674641148326 0.28964593301435404 0.710354066985646 0.2522488038277512 0.7477511961722488
216.jpg 0.6158200562324274 0.38417994376757264 0.2934957825679475 0.7065042174320525 0.2335332708528585 0.7664667291471415
217.jpg 0.6702097902097902 0.3297902097902098 0.3342857142857143 0.6657142857142857 0.2969230769230769 0.703076923076923
218.jpg 0.6621353065539112 0.33786469344608877 0.342600422832981 0.657399577167019 0.2955602536997886 0.7044397463002114
219.jpg 0.18709486166007905 0.812905138339921 0.18460474308300395 0.8153952569169961 0.1698418972332016 0.8301581027667985
220.jpg 0.2588276836158192 0.7411723163841808 0.2887483383183782 0.7112516616816218 0.28970380525091394 0.7102961947490861
221.jpg 0.23959149686520376 0.7604085031347962 0.3537788989028213 0.6462211010971787 0.36550989420062696 0.634490105799373
222.jpg 0.2429589537617555 0.7570410462382445 0.35703614811912227 0.6429638518808778 0.35533405172413796 0.6446659482758621
223.jpg 0.13937083333333333 0.8606291666666667 0.19026041666666665 0.8097395833333333 0.18673125 0.81326875
224.jpg 0.2503896103896104 0.7496103896103896 0.26065454545454547 0.7393454545454545 0.2607792207792208 0.7392207792207792
225.jpg 0.24115151515151514 0.7588484848484849 0.28224242424242424 0.7177575757575757 0.286969696969697 0.713030303030303
226.jpg 0.258 0.742 0.38053777777777775 0.6194622222222222 0.38264888888888887 0.6173511111111111
227.jpg 0.19188269794721408 0.8081173020527859 0.2384516129032258 0.7615483870967742 0.2614428152492669 0.7385571847507332
228.jpg 0.35898989898989897 0.641010101010101 0.37026629935720845 0.6297337006427915 0.3825895316804408 0.6174104683195593
229.jpg 0.238625 0.761375 0.23357083333333334 0.7664291666666667 0.23691666666666666 0.7630833333333333
230.jpg 0.22745 0.77255 0.225625 0.774375 0.22908333333333333 0.7709166666666667
231.jpg 0.29326963241436926 0.7067303675856308 0.30816624895572264 0.6918337510442774 0.33134920634920634 0.6686507936507936
232.jpg 0.2527980224182756 0.7472019775817245 0.2771129011635341 0.722887098836466 0.2620210544261177 0.7379789455738823
233.jpg 0.16355731225296444 0.8364426877470356 0.195 0.805 0.20600790513833991 0.7939920948616601
234.jpg 0.3382548262548263 0.6617451737451737 0.348007722007722 0.651992277992278 0.35456370656370656 0.6454362934362934
235.jpg 0.3053719008264463 0.6946280991735537 0.29651239669421486 0.7034876033057851 0.3110495867768595 0.6889504132231405
236.jpg 0.3287962962962963 0.6712037037037037 0.3721677559912854 0.6278322440087146 0.36518518518518517 0.6348148148148148
237.jpg 0.4182884838504435 0.5817115161495565 0.34785639432613497 0.6521436056738651 0.35040607807178414 0.6495939219282159
238.jpg 0.262659793814433 0.7373402061855671 0.2644484536082474 0.7355515463917526 0.2630515463917526 0.7369484536082475
239.jpg 0.2556311111111111 0.7443688888888889 0.3241688888888889 0.6758311111111112 0.32080444444444445 0.6791955555555556
240.jpg 0.2936099671044111 0.7063900328955889 0.4233947211645557 0.5766052788354443 0.4501644779444142 0.5498355220555857
241.jpg 0.27954501638712165 0.7204549836128783 0.33144827881669986 0.6685517211833001 0.32158387421545315 0.6784161257845468
242.jpg 0.20442893401015227 0.7955710659898477 0.2167005076142132 0.7832994923857868 0.21074027072758036 0.7892597292724196
243.jpg 0.4589022757697456 0.5410977242302544 0.4594199018295404 0.5405800981704596 0.45975011155734047 0.5402498884426595
244.jpg 0.26774706867671694 0.7322529313232831 0.2743006700167504 0.7256993299832496 0.26263400335008374 0.7373659966499162
245.jpg 0.2555176767676768 0.7444823232323232 0.2780723905723906 0.7219276094276095 0.2770664983164983 0.7229335016835017
246.jpg 0.2318796992481203 0.7681203007518796 0.23925229741019216 0.7607477025898078 0.23173350041771093 0.7682664995822891
247.jpg 0.25412128712871285 0.7458787128712872 0.2570585808580858 0.7429414191419141 0.24570544554455445 0.7542945544554456
248.jpg 0.2469059405940594 0.7530940594059405 0.24471534653465346 0.7552846534653466 0.16061881188118812 0.8393811881188119
249.jpg 0.21488065843621398 0.785119341563786 0.1645843621399177 0.8354156378600823 0.2248477366255144 0.7751522633744856
250.jpg 0.2578673383711167 0.7421326616288833 0.20818639798488664 0.7918136020151133 0.26261544920235097 0.7373845507976491
251.jpg 0.21562132661628883 0.7843786733837111 0.26313182199832075 0.7368681780016793 0.26075986565910997 0.73924013434089
252.jpg 0.2286028192371476 0.7713971807628524 0.17188640132669983 0.8281135986733001 0.260787728026534 0.739212271973466
253.jpg 0.21449045948489776 0.7855095405151022 0.235462479678275 0.764537520321725 0.4124839565328998 0.5875160434671002
254.jpg 0.26753333333333335 0.7324666666666667 0.27982083333333335 0.7201791666666667 0.2554958333333333 0.7445041666666666
255.jpg 0.12861328125 0.87138671875 0.12576171875 0.87423828125 0.17753255208333332 0.8224674479166667
256.jpg 0.23014812663374964 0.7698518733662504 0.37999806370413397 0.620001936295866 0.3890341110788395 0.6109658889211604
257.jpg 0.4183392766174223 0.5816607233825777 0.43191543555781964 0.5680845644421804 0.4371370351502802 0.5628629648497199
258.jpg 0.37081268792614236 0.6291873120738576 0.36299213709962025 0.6370078629003797 0.36515196431344316 0.6348480356865568
259.jpg 0.289755888037798 0.710244111962202 0.2763977378480922 0.7236022621519078 0.27367026988331306 0.726329730116687
260.jpg 0.20854681814806564 0.7914531818519344 0.21260612361080172 0.7873938763891983 0.22160342565778074 0.7783965743422192
261.jpg 0.7860119047619047 0.21398809523809523 0.8051636904761905 0.19483630952380954 0.9192559523809524 0.08074404761904762
262.jpg 0.27627167630057803 0.723728323699422 0.37090558766859344 0.6290944123314065 0.3928612716763006 0.6071387283236994
263.jpg 0.2789132197891322 0.7210867802108678 0.27742633144093 0.72257366855907 0.2551500405515004 0.7448499594484996
264.jpg 0.43519818633903756 0.5648018136609624 0.4250621617668568 0.5749378382331432 0.4082784847155185 0.5917215152844815
265.jpg 0.27818705673758864 0.7218129432624113 0.2748404255319149 0.7251595744680851 0.3746941489361702 0.6253058510638297
266.jpg 0.35693959977969525 0.6430604002203048 0.3958325683862677 0.6041674316137323 0.40177161740407563 0.5982283825959244
267.jpg 0.26222535211267606 0.7377746478873239 0.310056338028169 0.689943661971831 0.31045774647887325 0.6895422535211267
268.jpg 0.4293741496598639 0.570625850340136 0.42694557823129253 0.5730544217687075 0.41533333333333333 0.5846666666666667
269.jpg 0.2679222614840989 0.7320777385159011 0.29100353356890457 0.7089964664310954 0.30736395759717317 0.6926360424028268
270.jpg 0.3013893346783438 0.6986106653216562 0.29276904030446144 0.7072309596955385 0.29620798752808475 0.7037920124719153
271.jpg 0.23747147147147146 0.7625285285285285 0.24219219219219218 0.7578078078078078 0.23645045045045046 0.7635495495495496
272.jpg 0.24306317539484623 0.7569368246051538 0.2571737323358271 0.7428262676641729 0.253549459684123 0.746450540315877
273.jpg 0.16097601323407776 0.8390239867659223 0.16218775847808106 0.8378122415219189 0.1591025641025641 0.8408974358974359
274.jpg 0.1835827098919368 0.8164172901080632 0.18482128013300084 0.8151787198669992 0.18194929343308397 0.818050706566916
275.jpg 0.15217247097844114 0.8478275290215589 0.1613391376451078 0.8386608623548922 0.15806799336650082 0.8419320066334992
276.jpg 0.17865177832919768 0.8213482216708023 0.20340777502067825 0.7965922249793218 0.2005210918114144 0.7994789081885856
277.jpg 0.161425 0.838575 0.17234166666666667 0.8276583333333334 0.16474166666666668 0.8352583333333333
278.jpg 0.2019568822553897 0.7980431177446102 0.20244195688225539 0.7975580431177446 0.19685323383084577 0.8031467661691543
279.jpg 0.16420634920634922 0.8357936507936508 0.1881704260651629 0.8118295739348371 0.18465329991645782 0.8153467000835422
280.jpg 0.19560627231796304 0.804393727682037 0.19621694353878796 0.8037830564612121 0.21783884489986027 0.7821611551001397
281.jpg 0.42846801346801344 0.5715319865319866 0.43655723905723903 0.5634427609427609 0.42993265993265994 0.5700673400673401
282.jpg 0.27342373917107016 0.7265762608289299 0.2768880980624753 0.7231119019375247 0.2701481002192746 0.7298518997807254
283.jpg 0.2353 0.7647 0.26953333333333335 0.7304666666666667 0.2667541666666667 0.7332458333333334
